+----------+-----+-----+-----+------+------------+---------+
|   Estado |   = |   > |   ; |   \| |   !,=,;,\| |   Token |
+==========+=====+=====+=====+======+============+=========+
|        0 |   1 |  -1 |   2 |    3 |          4 |      -1 |
+----------+-----+-----+-----+------+------------+---------+
|        1 |  -1 |   5 |  -1 |   -1 |         -1 |      -1 |
+----------+-----+-----+-----+------+------------+---------+
|        2 |  -1 |  -1 |  -1 |   -1 |         -1 |      20 |
+----------+-----+-----+-----+------+------------+---------+
|        3 |  -1 |  -1 |  -1 |   -1 |         -1 |      30 |
+----------+-----+-----+-----+------+------------+---------+
|        4 |  -1 |  -1 |  -1 |   -1 |          4 |      40 |
+----------+-----+-----+-----+------+------------+---------+
|        5 |  -1 |  -1 |  -1 |   -1 |         -1 |      10 |
+----------+-----+-----+-----+------+------------+---------+